0 : [0 0 0 7]
1 : [0 0 1 6]
2 : [0 0 2 5]
3 : [0 0 3 4]
4 : [0 0 4 3]
5 : [0 0 5 2]
6 : [0 0 6 1]
7 : [0 0 7 0]
8 : [0 1 0 6]
9 : [0 1 1 5]
10 : [0 1 2 4]
11 : [0 1 3 3]
12 : [0 1 4 2]
13 : [0 1 5 1]
14 : [0 1 6 0]
15 : [0 2 0 5]
16 : [0 2 1 4]
17 : [0 2 2 3]
18 : [0 2 3 2]
19 : [0 2 4 1]
20 : [0 2 5 0]
21 : [0 3 0 4]
22 : [0 3 1 3]
23 : [0 3 2 2]
24 : [0 3 3 1]
25 : [0 3 4 0]
26 : [0 4 0 3]
27 : [0 4 1 2]
28 : [0 4 2 1]
29 : [0 4 3 0]
30 : [0 5 0 2]
31 : [0 5 1 1]
32 : [0 5 2 0]
33 : [0 6 0 1]
34 : [0 6 1 0]
35 : [0 7 0 0]
36 : [1 0 0 6]
37 : [1 0 1 5]
38 : [1 0 2 4]
39 : [1 0 3 3]
40 : [1 0 4 2]
41 : [1 0 5 1]
42 : [1 0 6 0]
43 : [1 1 0 5]
44 : [1 1 1 4]
45 : [1 1 2 3]
46 : [1 1 3 2]
47 : [1 1 4 1]
48 : [1 1 5 0]
49 : [1 2 0 4]
50 : [1 2 1 3]
51 : [1 2 2 2]
52 : [1 2 3 1]
53 : [1 2 4 0]
54 : [1 3 0 3]
55 : [1 3 1 2]
56 : [1 3 2 1]
57 : [1 3 3 0]
58 : [1 4 0 2]
59 : [1 4 1 1]
60 : [1 4 2 0]
61 : [1 5 0 1]
62 : [1 5 1 0]
63 : [1 6 0 0]
64 : [2 0 0 5]
65 : [2 0 1 4]
66 : [2 0 2 3]
67 : [2 0 3 2]
68 : [2 0 4 1]
69 : [2 0 5 0]
70 : [2 1 0 4]
71 : [2 1 1 3]
72 : [2 1 2 2]
73 : [2 1 3 1]
74 : [2 1 4 0]
75 : [2 2 0 3]
76 : [2 2 1 2]
77 : [2 2 2 1]
78 : [2 2 3 0]
79 : [2 3 0 2]
80 : [2 3 1 1]
81 : [2 3 2 0]
82 : [2 4 0 1]
83 : [2 4 1 0]
84 : [2 5 0 0]
85 : [3 0 0 4]
86 : [3 0 1 3]
87 : [3 0 2 2]
88 : [3 0 3 1]
89 : [3 0 4 0]
90 : [3 1 0 3]
91 : [3 1 1 2]
92 : [3 1 2 1]
93 : [3 1 3 0]
94 : [3 2 0 2]
95 : [3 2 1 1]
96 : [3 2 2 0]
97 : [3 3 0 1]
98 : [3 3 1 0]
99 : [3 4 0 0]
100 : [4 0 0 3]
101 : [4 0 1 2]
102 : [4 0 2 1]
103 : [4 0 3 0]
104 : [4 1 0 2]
105 : [4 1 1 1]
106 : [4 1 2 0]
107 : [4 2 0 1]
108 : [4 2 1 0]
109 : [4 3 0 0]
110 : [5 0 0 2]
111 : [5 0 1 1]
112 : [5 0 2 0]
113 : [5 1 0 1]
114 : [5 1 1 0]
115 : [5 2 0 0]
116 : [6 0 0 1]
117 : [6 0 1 0]
118 : [6 1 0 0]
119 : [7 0 0 0]